00000000101010011111110111111001
00000011010111010000001000111111
11111010010000101111111010010111
11111110111110111110111110000001
11111101110111111110100000110010
11111100010101101111111101100100
00000101010111000000010101010110
00000011110000101111100110001010
00000110010111110000010111101111
00000010100110010000111101111101
11101000011110100000010111101001
00001010110111111111001101001011
11111011001110100000000010101001
11111100100110010000000110011111
11110001100011101111100001010111
11110111111101000000001001010011
11111101111101011111100110010001
00000000111010100000010101110101
11111010101111001110111011001001
11101111010101100000100011011010
11111001110111111111000010001100
00001010000111110000111110011111
11110001001111000000011000100100
00001010010110000000100011111110
11111101011101110000000001011011
00000100010110010000011111101100
00001011100000001111111101100000
11100111011111001111101111011100
11101111010011001111101010010101
11111101001100001111101011100001
00000001011010100000100111100110
11111111110011111111110010110100
