11111101010010101111111100101111
00000001110010111111111111011011
11111111100110111111111100100100
00000001011011100000001000101010
00000011000011110000000110111000
00000000001111111111111011001111
00000000000000100000000001110111
11111101010000111111111010010001
11111110100001011111111110110011
00000000000000001111111100001111
00000001001001100000000100000010
00000001111100101111111100101100
11111111001111011111111110111101
11111101001110010000000101100111
11111110101001011111111101110001
00000010100111110000001010011010
11111110001010101111110111110100
11111111101100100000000110001011
00000010110000101111111110000001
11111100111101101111111110001000
00000000101001010000000011011100
00000010111000010000000000100110
11111110010001101111111101110101
00000000010011111111110011001111
00000010100111101111110101100100
11111101101001110000000101010111
00000000001001100000000000101000
00000001100110100000000101000001
00000001000101010000001011101010
11111111110010110000000100101100
11111110000111001111110100100100
11111111111100011111111011000111